deltaT in yr, Total energy in Joules
Initial K U E earth: 5.92673e-05 -0.000118534 -5.92672e-05
Initial energy earth-sun: -0.000177802
K U e E_tot
deltaT: Euler: Euler-Cromer: Velocity-Verlet: RK4:
0.1 2.62268e-05 -2.79134e-07 2.59477e-05 2.56687e-05 2.60885e-05 -1.40858e-07 2.59476e-05 2.58068e-05 2.60419e-05 -9.42427e-08 2.59476e-05 2.58534e-05 2.60184e-05 -7.08204e-08 2.59476e-05 2.58769e-05
0.01 2.60043e-05 -5.67156e-08 2.59476e-05 2.5891e-05 2.59949e-05 -4.72978e-08 2.59476e-05 2.59004e-05 2.59882e-05 -4.05631e-08 2.59476e-05 2.59071e-05 2.59831e-05 -3.55078e-08 2.59476e-05 2.59122e-05
0.001 2.59792e-05 -3.15732e-08 2.59476e-05 2.59161e-05 2.5976e-05 -2.84238e-08 2.59476e-05 2.59193e-05 2.59735e-05 -2.58459e-08 2.59476e-05 2.59218e-05 2.59713e-05 -2.36968e-08 2.59476e-05 2.5924e-05
0.0001 2.59695e-05 -2.18777e-08 2.59476e-05 2.59258e-05 2.59679e-05 -2.0318e-08 2.59476e-05 2.59274e-05 2.59666e-05 -1.89659e-08 2.59476e-05 2.59287e-05 2.59654e-05 -1.77826e-08 2.59476e-05 2.59299e-05
1e-05 2.59644e-05 -1.67383e-08 2.59476e-05 2.5931e-05 2.59634e-05 -1.58099e-08 2.59476e-05 2.59319e-05 2.59626e-05 -1.4979e-08 2.59476e-05 2.59327e-05 2.59618e-05 -1.42312e-08 2.59476e-05 2.59335e-05
